23 3456789
24 2456789
25 56789
26 36789
27 789
28 489
29 9
210 5
211 1
212 126
213 123
214 12347
215 12345
216 1234568
217 1234567
36 456789
37 356789
38 6789
39 789
310 89
311 9
319 1
320 12
321 123
322 1234
323 123457
324 123456
410 56789
411 46789
412 789
413 89
414 9
426 1
427 12
428 123
429 12346
430 12345
515 6789
516 5789
517 89
518 9
532 1
533 12
534 1235
535 1234
621 789
622 689
623 9
637 1
638 124
639 123
728 89
729 79
741 13
742 12
836 9
837 8
838 7
839 6
840 5
841 4
842 3
843 2
844 1